datetime,lmp
